spawns:
  default:
    world: 5100b832-2d76-4f56-a0f3-28a6251aa0fa
    world-name: lobby
    x: 9.175045041627312
    y: -58.87417272944518
    z: 44.65315181861976
    yaw: 22.7120361328125
    pitch: 69.75004577636719
