world: 5100b832-2d76-4f56-a0f3-28a6251aa0fa
world-name: lobby
x: 9.70615160743979
y: -59.16150913159798
z: 44.30334589261552
yaw: -89.85110473632812
pitch: 50.25004196166992
name: lobby
lastowner: 46023be8-7a7a-3aa5-877d-405102037595
